"BioMAP 844"	"844"	"HB"	"4/16/1997"	"M"	"8/2/2005 8:57:23 AM"
"Calculated"	"8/2/2005 9:46:13 AM"	"1"	"74.69"	"512"	"-15.0"	"0.0"	"D42QADD"
"Right"	"Insert Earphone (ER3)"	"Custom: C:\BioMAPStim\D42.WAV"	"Alternating"	"75 dB HL"	"10.9"	""
"Chan 1 Bank 1"	"6.08"	"6.96"	"18.19"	"21.55"	"30.3"	"38.76"	"47.66"	""	""	""

0.029
0.0382
0.058
0.0534
0.0534
0.0351
0.0214
0.0137
0.0427
0.0641
0.058
0.0717
0.09
0.0931
0.087
0.0855
0.0885
0.0732
0.0794
0.087
0.0992
0.1114
0.1099
0.1022
0.0992
0.1038
0.1114
0.1206
0.1343
0.1206
0.0977
0.0961
0.1114
0.0931
0.0839
0.0809
0.0702
0.0656
0.0626
0.0626
0.0763
0.0732
0.0534
0.0534
0.0732
0.0687
0.0565
0.0519
0.0519
0.0412
0.0305
0.029
0.0397
0.0488
0.0656
0.0839
0.0885
0.0824
0.0916
0.1038
0.1053
0.1145
0.116
0.0961
0.0794
0.0671
0.0488
0.0351
0.0397
0.0519
0.061
0.0732
0.0717
0.0702
0.0809
0.1007
0.1145
0.1145
0.1206
0.1145
0.1022
0.0992
0.1068
0.0916
0.0748
0.0855
0.1083
0.1129
0.1145
0.1114
0.1022
0.0809
0.0595
0.0458
0.0412
0.0214
0.0
-0.0137
-0.0153
-0.0168
-0.0214
-0.0229
-0.0137
0.0015
0.0183
0.0504
0.0595
0.0748
0.0824
0.0977
0.1068
0.1022
0.0931
0.09
0.087
0.0809
0.09
0.1068
0.1114
0.1083
0.1099
0.1038
0.0946
0.0946
0.1145
0.1282
0.1282
0.1175
0.0946
0.0748
0.0641
0.0412
0.0275
0.0168
0.0275
0.0702
0.119
0.1602
0.1846
0.1969
0.2075
0.1877
0.1526
0.0931
0.0427
-0.0015
-0.0107
0.0214
0.0824
0.1465
0.1877
0.1602
0.0748
-0.0519
-0.1602
-0.2396
-0.2762
-0.2732
-0.232
-0.1816
-0.1175
-0.0549
-0.0107
0.0198
0.032
0.0351
0.0412
0.0702
0.1068
0.145
0.2075
0.2533
0.2854
0.3174
0.3144
0.2625
0.203
0.1663
0.1511
0.1389
0.1434
0.1495
0.1511
0.1587
0.1602
0.1419
0.0931
0.0534
0.0198
-0.0031
-0.0107
0.0015
0.0183
0.0366
0.0534
0.0763
0.1145
0.1206
0.1022
0.0763
0.0687
0.0412
0.0107
0.0031
0.0275
0.0443
0.058
0.0626
0.0732
0.0855
0.1053
0.1282
0.1419
0.1557
0.1785
0.1984
0.1999
0.1877
0.1724
0.1557
0.1312
0.0992
0.0794
0.0549
0.032
0.029
0.0183
0.0076
0.0015
0.0031
0.0061
0.0046
0.0092
-0.0061
0.0
0.032
0.0794
0.1206
0.1312
0.1282
0.1267
0.1083
0.0961
0.0763
0.061
0.0427
0.0595
0.0794
0.1022
0.1282
0.1282
0.0763
-0.0015
-0.0778
-0.1251
-0.1557
-0.1572
-0.1419
-0.1328
-0.1251
-0.0916
-0.0061
0.0671
0.1099
0.1373
0.1358
0.1022
0.061
0.032
0.0275
0.0488
0.0794
0.1267
0.1663
0.1801
0.2228
0.2396
0.2304
0.2121
0.1877
0.1801
0.1877
0.206
0.2182
0.2335
0.2335
0.2304
0.203
0.1831
0.1633
0.1267
0.0763
0.0153
-0.0107
-0.032
-0.058
-0.0717
-0.0473
-0.0015
0.0275
0.0015
-0.0458
-0.0794
-0.0702
-0.0214
0.0336
0.0732
0.1068
0.1389
0.1831
0.2274
0.2289
0.1618
0.0259
-0.1328
-0.2365
-0.2381
-0.1892
-0.1251
-0.0931
-0.0855
-0.0565
0.0015
0.0626
0.1038
0.1404
0.1648
0.1602
0.1602
0.1831
0.2121
0.2152
0.2075
0.2014
0.1969
0.1938
0.1846
0.1587
0.1434
0.145
0.145
0.1434
0.1267
0.116
0.1328
0.1282
0.0916
0.0504
0.0488
0.0702
0.0809
0.0824
0.0671
0.0244
0.0061
0.0275
0.0839
0.148
0.1694
0.1328
0.0732
0.0
-0.0443
-0.0443
-0.0046
0.0748
0.1724
0.2777
0.3388
0.3311
0.2335
0.0519
-0.1602
-0.3144
-0.3388
-0.2976
-0.2304
-0.1587
-0.0748
-0.0015
0.0412
0.0626
0.0427
0.029
-0.0015
-0.0061
0.0137
0.0519
0.0946
0.1618
0.2442
0.3052
0.3296
0.3357
0.325
0.296
0.2533
0.2182
0.177
0.1618
0.1602
0.148
0.1541
0.145
0.1251
0.1145
0.0931
0.0549
0.0015
-0.0473
-0.0916
-0.0977
-0.0961
-0.087
-0.0595
-0.0412
-0.0275
0.0092
0.0351
0.029
0.0198
-0.0015
-0.0183
-0.0061
0.0336
0.1068
0.1694
0.1877
0.1694
0.1251
0.0885
0.0641
0.0443
0.0153
-0.0107
-0.0183
-0.0031
0.0229
0.0534
0.0809
0.1236
0.1541
0.1648
0.1785
0.1846
0.1724
0.1648
0.1618
0.1709
0.1679
0.174
0.1694
0.148
0.1145
0.1068
0.1053
0.0977
0.1007
0.0839
0.0549
0.0458
0.0519
0.0473
0.0351
0.0076
0.0015
0.0107
0.0092
0.0031
0.0076
0.0031
0.0107
0.0366
0.0519
0.0549
0.0671
0.0732
0.0717
0.0702
0.058
0.0427
0.0214
0.0198
0.029
0.0397
0.0397
0.0412
0.0519
0.0641
0.0702
0.0702
0.0732
0.0778
0.0717
0.0671
0.0626
0.0519
0.0427
0.0565
0.0732
0.0946
0.116
0.1373
0.1389
0.1343
0.1221
0.1068
0.0809
0.0641
0.0534
0.0366
0.0351

