"BioMAP 770"	"770"	"AG"	"2/18/1994"	"M"	"5/7/2005 7:53:06 AM"
"Calculated"	"5/13/2005 11:52:50 AM"	"1"	"74.69"	"512"	"-15.0"	"0.0"	"D42QADD"
"Right"	"Insert Earphone (ER3)"	"Custom: C:\BioMAPStim\D42.WAV"	"Alternating"	"74 dB HL"	"10.9"	"None"	"None"
"Chan 1 Bank 1"	"6.78"	"7.83"	"18.55"	"22.86"	"31.32"	"39.49"	"48.09"	""	""	""


0.0588
0.0313
0.0175
0.0053
0.0038
0.0099
0.013
0.0114
0.0175
0.0313
0.0374
0.0237
0.0099
-0.0053
-0.0191
-0.0343
-0.0404
-0.0404
-0.0374
-0.0038
0.0175
0.0404
0.0511
0.0588
0.0618
0.0771
0.1
0.1106
0.1106
0.1167
0.1167
0.1183
0.1183
0.1122
0.103
0.0984
0.1061
0.1091
0.1015
0.0923
0.0832
0.074
0.0679
0.0526
0.042
0.0313
0.0267
0.0328
0.0465
0.0557
0.0649
0.0771
0.0816
0.0755
0.0588
0.0557
0.0588
0.045
0.0343
0.042
0.0481
0.0328
0.042
0.0481
0.0374
0.042
0.0588
0.074
0.0832
0.0969
0.0984
0.1045
0.0984
0.0954
0.0969
0.0984
0.0877
0.0664
0.0588
0.0526
0.045
0.042
0.0374
0.0282
0.0114
-0.0023
-0.0099
-0.013
0.0008
0.0099
0.0175
0.0404
0.0557
0.0588
0.0664
0.074
0.0694
0.0633
0.0694
0.0801
0.0801
0.0771
0.0633
0.0633
0.0725
0.0771
0.0939
0.1137
0.1274
0.1396
0.1305
0.1198
0.1076
0.0893
0.0801
0.0801
0.0908
0.0771
0.0633
0.0588
0.0511
0.0435
0.0389
0.0206
0.0099
0.0175
0.0328
0.0389
0.042
0.0435
0.0389
0.0221
0.0114
0.0053
0.0084
0.013
0.0191
0.0252
0.0282
0.0328
0.0511
0.0816
0.0954
0.1259
0.1442
0.1274
0.0939
0.0588
0.0588
0.074
0.1015
0.1335
0.1717
0.1885
0.1946
0.1976
0.1869
0.1335
0.0588
-0.0298
-0.1137
-0.1564
-0.164
-0.1579
-0.132
-0.1015
-0.0557
-0.013
0.0252
0.0526
0.0588
0.0633
0.0801
0.1183
0.1503
0.1686
0.1839
0.19
0.1946
0.1839
0.1656
0.1335
0.0969
0.0603
0.0328
0.0008
-0.0191
-0.0282
-0.0282
-0.0206
-0.0191
-0.0114
0.0023
-0.0008
-0.0069
0.0145
0.0404
0.0603
0.0939
0.1366
0.1656
0.1686
0.1656
0.1518
0.1381
0.1381
0.1137
0.0862
0.0618
0.0435
0.0267
0.0313
0.0511
0.0588
0.0649
0.0664
0.0725
0.0862
0.0954
0.1
0.0801
0.0694
0.0816
0.0862
0.0786
0.0786
0.0801
0.071
0.0588
0.0542
0.0588
0.0435
0.0267
0.0008
-0.0099
-0.0084
-0.0099
-0.0237
-0.0099
0.013
0.0267
0.0465
0.0923
0.1351
0.161
0.1732
0.1824
0.1869
0.1793
0.1656
0.1549
0.1473
0.1259
0.1198
0.1213
0.1198
0.1198
0.1137
0.0954
0.0603
0.0099
-0.0465
-0.0877
-0.1076
-0.1198
-0.1228
-0.1198
-0.1076
-0.0816
-0.0664
-0.045
-0.0282
-0.013
-0.0069
-0.0038
0.0099
0.0175
0.0282
0.0633
0.0923
0.1122
0.1198
0.1137
0.1167
0.1106
0.0984
0.0877
0.0786
0.0771
0.0816
0.0984
0.1106
0.1015
0.0984
0.1
0.0984
0.0908
0.0923
0.0923
0.0862
0.0908
0.1
0.0969
0.1061
0.1183
0.1198
0.0939
0.0786
0.0877
0.1
0.0923
0.0908
0.0908
0.0816
0.0816
0.074
0.0496
0.013
-0.0282
-0.0603
-0.0679
-0.0771
-0.0954
-0.103
-0.0877
-0.0694
-0.0404
0.0023
0.0298
0.042
0.0633
0.0786
0.0771
0.0755
0.0801
0.0847
0.0847
0.0939
0.1167
0.1412
0.161
0.1763
0.1778
0.1793
0.1656
0.1488
0.1289
0.1106
0.0954
0.074
0.0679
0.0649
0.0511
0.0465
0.0526
0.0725
0.0923
0.1198
0.1274
0.1091
0.1061
0.1137
0.1274
0.1259
0.1289
0.1289
0.1213
0.1198
0.1122
0.1
0.1106
0.1259
0.1228
0.103
0.0588
-0.0099
-0.0771
-0.1412
-0.193
-0.2114
-0.1915
-0.1656
-0.1183
-0.0664
-0.0359
-0.0069
0.0237
0.045
0.0465
0.0435
0.0572
0.0633
0.0694
0.0694
0.0771
0.1045
0.1381
0.1717
0.2022
0.2114
0.1732
0.1396
0.1351
0.1228
0.1091
0.1045
0.0969
0.0923
0.0832
0.0588
0.0343
0.0252
0.0313
0.0359
0.0267
0.0374
0.0603
0.0877
0.1183
0.132
0.1488
0.1625
0.1488
0.1213
0.0877
0.0725
0.0679
0.0694
0.0618
0.0465
0.0374
0.0374
0.0389
0.0237
-0.0237
-0.074
-0.1213
-0.1702
-0.2022
-0.1824
-0.1457
-0.1198
-0.0923
-0.0572
-0.0237
0.016
0.0572
0.0954
0.1274
0.1518
0.1854
0.1915
0.1915
0.1824
0.1885
0.1961
0.1961
0.1793
0.1732
0.1778
0.1839
0.1824
0.1885
0.1732
0.1549
0.132
0.0984
0.0755
0.0694
0.0572
0.0435
0.0328
0.0328
0.0298
0.0191
0.0069
0.0145
0.0389
0.0496
0.0603
0.0664
0.0664
0.0801
0.0847
0.0816
0.0816
0.0664
0.0557
0.0465
0.0267
0.0252
0.0328
0.045
0.0572
0.0633
0.0588
0.0496
0.0374
0.0145
-0.016
-0.0221
-0.0221
-0.0359
-0.0481
-0.042
-0.0252
-0.0099
0.0114
0.0359
0.0603
0.074
0.0649

